[1, 9, 13, 21]
[3, 7, 15, 19]
[3, 11, 15, 23]
[5, 9, 17, 21]
[0, 1, 4, 9, 12, 16]
[0, 3, 4, 12, 16, 19]
[0, 3, 8, 11, 12, 20]
[0, 4, 7, 12, 15, 16]
[0, 4, 12, 13, 16, 21]
[0, 5, 8, 12, 20, 21]
[0, 8, 9, 12, 17, 20]
[0, 8, 12, 15, 20, 23]
[1, 6, 9, 10, 18, 22]
[2, 3, 6, 11, 14, 18]
[2, 5, 6, 14, 18, 21]
[2, 6, 9, 14, 17, 18]
[2, 6, 14, 15, 18, 23]
[3, 6, 10, 18, 19, 22]
[6, 7, 10, 15, 18, 22]
[6, 10, 13, 18, 21, 22]
[0, 1, 4, 9, 12, 13, 16, 21]
[0, 3, 4, 7, 12, 15, 16, 19]
[0, 3, 8, 11, 12, 15, 20, 23]
[0, 5, 8, 9, 12, 17, 20, 21]
[1, 3, 7, 9, 13, 15, 19, 21]
[1, 6, 9, 10, 13, 18, 21, 22]
[2, 3, 6, 11, 14, 15, 18, 23]
[2, 5, 6, 9, 14, 17, 18, 21]
[3, 5, 9, 11, 15, 17, 21, 23]
[3, 6, 7, 10, 15, 18, 19, 22]
[0, 1, 3, 4, 6, 9, 10, 12, 16, 18, 19, 22]
[0, 1, 4, 6, 7, 9, 10, 12, 15, 16, 18, 22]
[0, 2, 3, 5, 6, 8, 11, 12, 14, 18, 20, 21]
[0, 2, 3, 6, 8, 9, 11, 12, 14, 17, 18, 20]
[0, 2, 5, 6, 8, 12, 14, 15, 18, 20, 21, 23]
[0, 2, 6, 8, 9, 12, 14, 15, 17, 18, 20, 23]
[0, 3, 4, 6, 10, 12, 13, 16, 18, 19, 21, 22]
[0, 4, 6, 7, 10, 12, 13, 15, 16, 18, 21, 22]